
      1990     46814
      1991     43536
      1992     40982
      1993     41893
      1994     42524
      1995     43363
      1996     43649
      1997     43458
      1998     43501
      1999     42401
      2000     43354
      2001     43788
      2002     45380
      2003     44757
      2004     44933
      2005     45343
      2006     45316
      2007     43945
      2008     39790
      2009     36216
      2010     35332
      2011     35303
      2012     36415
      2013     35369
      2014     35398
      2015     37757
      2016     40327
      2017     40231
      2018     39404
